      1 PID
      1 1
      1 2
      1 4
      1 6
      1 7
      1 8
      1 9
      1 10
      1 11
      1 12
      1 13
      1 14
      1 15
      1 16
      1 18
      1 19
      1 20
      1 21
      1 22
      1 24
      1 25
      1 26
      1 27
      1 28
      1 29
      1 30
      1 31
      1 32
      1 33
      1 34
      1 35
      1 36
      1 37
      1 38
      1 39
      1 40
      1 41
      1 42
      1 43
      1 44
      1 45
      1 46
      1 47
      1 48
      1 49
      1 50
      1 51
      1 52
      1 53
      1 55
      1 56
      1 57
      1 99
      1 100
      1 102
      1 103
      1 105
      1 108
      1 113
      1 118
      1 135
      1 136
      1 184
      1 185
      1 186
      1 187
      1 188
      1 189
      1 190
      1 191
      1 192
      1 193
      1 194
      1 195
      1 197
      1 199
      1 202
      1 205
      1 226
      1 227
      1 261
      1 274
      1 284
      1 294
      1 302
      1 304
      1 306
      1 308
      1 310
      1 313
      1 314
      1 316
      1 318
      1 320
      1 323
      1 325
      1 327
      1 328
      1 331
      1 332
      1 334
      1 336
      1 337
      1 355
      1 383
      1 389
      1 452
      1 453
      1 454
      1 484
      1 491
      1 493
      1 516
      2 835
      1 836
      1 861
      2 862
      2 863
      3 870
      2 871
      3 872
      1 873
      1 874
      1 879
      1 898
      3 902
      4 903
      1 904
      5 907
     20 908
      1 910
      1 911
      3 916
      3 925
      1 979
      2 988
      3 996
      3 1001
      1 1016
      1 1017
      3 1035
      1 1037
      4 1039
      1 1048
      1 1049
      1 1050
      1 1051
      1 1052
      1 1053
     15 1073
      3 1108
      6 1136
      4 1144
      1 1149
      3 1151
      3 1155
      3 1156
      3 1159
      1 1165
      1 1173
      1 1178
      1 1182
      3 1228
      4 1231
      4 1233
      3 1236
      3 1244
      3 1252
      3 1253
      5 1254
      4 1255
      4 1258
      5 1262
      3 1263
      3 1266
      5 1268
      5 1270
      3 1273
      5 1277
      3 1279
      3 1281
      3 1282
      4 1287
      5 1291
      4 1292
      4 1295
      3 1311
      3 1346
      1 1378
      3 1383
      1 1387
      1 1388
      4 1401
      3 1405
      4 1407
      1 1415
      4 1418
      1 1514
      4 1517
      1 1522
      3 1524
     14 1542
      3 1549
      6 1554
      3 1565
      3 1577
      4 1581
      3 1583
      3 1585
      3 1595
      6 1600
      4 1610
      3 1612
      3 1615
      3 1619
      4 1626
      3 1631
      4 1635
      4 1645
      3 1650
      4 1655
      3 1658
      3 1659
      3 1660
      4 1663
      5 1668
      4 1678
      4 1681
      3 1685
      4 1694
      3 1695
      4 1698
      4 1702
      4 1703
      4 1704
      4 1707
      4 1712
      3 1729
      8 1755
      3 1756
      5 1784
      3 1788
      3 1797
      9 1821
      5 1830
      3 1848
      6 1853
      1 1886
     21 1957
      3 1995
      3 2007
      5 2041
      1 2049
      4 2062
      4 2065
      5 2096
      4 2209
      1 2222
      4 2264
      1 2274
      1 2285
      1 2286
      1 2287
